„03-

ags. onre0'd‚ 13, 17, 97.
prango, 2, 34, 62.

νῖᾰῡ, 19 cet., 57, 67, 79-
r07'0,15, 57, 72, ‚⁷9-

77176, 2 cet., 29, 60, 68.

⁵215, 19 cet., 77, 79, 92·
skaspb, 9 cet., 38, 67, 68, 83.
skulda, 3 cet., 28, 62, 66, 70, 89.
skraudfi, 11, 44, 67, 69, 70, 91.
skrijff, 21, 57.

4177ὺό, 79, 82.

slbpfi, 19 cet., 58, 74, 84, 87.
77798, 21, 57, 73, 74.
112261113, 17sq., 52, 79.
21120105,17‚ 55.

an. 560, 17, 57.

spaldfi, 3, 28, 62, 66.

spanus), 3, 32, 61, 69, 70-
5701115, 15 cet., 72.

sprijb, 21, 57, 74.

071⁶, 17, 72-

staldb, 2 cet., 28, 60.

stangb, 2, 70·

777765, 77 cet., 45, 67, 70, 81 91.
7757767», 74 cet., 54.

str87'0, 21, 57, 74.

77777776, 9, 4ο, 69, 95.

ςωαίρό, 10 sq, 40, 67 83.
510677'6, 17, 48, 68, 72.

1080, 9, 41.

771775, 19 cet., 58, 74» 83, 84.
7νᾱωό, 14ce1, 53.

77177677, 9, 41.

1 17798, 20 cet., 57.

2 11127'0, 20, 57.

0010, 82.

waldfi, 2 cet., 29, 62, 66, 83, 85.
wasto, 3, 31, 62, 68.

7777116, 5 cet., 50, 61, 66, 7ο 89.
779175, 5 cet., 29, 62, 70, 89.
ijfi, 19cet.‚ 571 73> 74·

0210, 20, 58, 62.

796978, 75 cet.

10010, 17.

 

